95 97 98 99 98 99
84 85 88 89 88 85
20 23 21 24 25 28 31 31
15 16 18 17 18 22
31 32 30 32 34 39
2 4 4 5 8 9 6
68 69 72 72 72
73 74 77 77 80 82 83 87
11 13 15 16 16 17 23
73 74 78 81 84
51 52 54 58 59 56
40 42 46 48 51 53 53
18 19 20 21 25 29
21 22 23 27 28 31 38
3 5 8 9 14 15
1 4 5 6 13 12
50 51 57 59 60 60
42 45 48 54 57 61
17 20 23 24 29 31 37
50 49 50 51 52 54 55
9 7 8 10 13 16 15
16 14 17 18 18
49 47 50 53 55 59
21 20 23 26 27 30 35
78 77 78 81 84 82 85 86
94 91 94 93 96 93
13 12 14 12 13 13
19 17 18 20 19 23
57 54 57 55 57 64
86 84 84 85 88
16 14 14 16 15
74 72 74 74 77 79 80 80
51 48 49 49 53
26 24 27 29 30 33 33 38
78 75 78 79 83 80
65 64 67 68 72 72
11 9 12 15 19 20 21 25
30 29 33 34 36 37 38 43
15 12 14 16 23 26
78 77 82 85 82
59 58 65 66 66
53 52 54 56 62 64 68
54 51 54 56 63 64 71
21 21 24 27 28 31 28
13 13 16 17 18 21 21
5 5 7 10 13 16 17 21
3 3 4 6 12
44 44 41 42 44 45 48 51
76 76 73 76 79 82 80
81 81 83 85 84 84
46 46 43 46 50
81 81 83 85 88 85 88 95
10 10 10 13 14
75 75 75 77 76
43 43 43 45 45
92 92 93 93 97
52 52 53 53 59
77 77 78 82 85
20 20 24 26 28 26
4 4 8 9 12 12
43 43 46 50 54
45 45 46 50 51 56
67 67 68 69 70 77 78 80
57 57 62 65 63
53 53 60 63 65 65
67 67 73 74 76 80
8 8 14 16 17 19 26
84 88 91 94 97 94
19 23 24 26 29 30 30
57 61 64 66 68 69 73
28 32 33 35 42
17 21 23 26 25 26 28
77 81 79 80 82 83 85 83
87 91 92 89 92 92
39 43 42 43 47
39 43 46 44 50
54 58 59 59 61 64
61 65 65 66 68 65
62 66 68 69 70 70 70
15 19 19 22 24 28
67 71 73 73 74 79
75 79 83 84 86 87 89 90
13 17 19 20 24 26 23
38 42 44 47 50 54 55 55
22 26 30 31 33 37
40 44 47 50 52 53 57 64
27 31 34 41 42
44 48 50 51 56 53
46 50 51 54 55 62 63 63
54 58 61 66 67 71
45 49 52 54 56 62 64 70
69 74 76 79 82 79
69 75 78 81 83 85 85
45 50 51 52 55 58 62
29 36 39 41 42 49
50 55 54 57 59 62 65
32 37 35 38 40 42 40
50 57 58 57 60 61 61
79 86 89 91 89 93
30 35 33 36 41
6 13 15 16 16 18
20 25 28 31 31 32 29
87 92 93 96 96 98 98
15 20 20 23 27
11 17 20 23 23 28
52 59 60 64 67
2 8 9 10 14 15 16 13
76 81 84 85 89 91 91
43 48 51 55 57 60 63 67
8 14 15 17 21 27
4 9 10 16 18 19 22 25
71 78 84 85 87 84
4 11 14 20 22 22
37 42 47 48 49 53
72 79 82 87 90 97
33 30 29 32 35
89 88 85 83 80 79 81 81
47 46 47 46 42
59 57 55 52 49 46 48 41
71 68 68 65 64 63 61 64
92 89 86 85 84 84 84
97 96 93 93 92 91 87
76 74 71 71 70 63
38 37 33 32 29 26 25
47 46 44 40 40
99 98 94 91 88 87 84 80
86 85 82 78 77 71
19 18 17 11 10
62 60 58 52 53
46 44 37 36 35 32 32
50 47 45 39 35
74 71 70 67 60 57 51
87 90 89 87 85 83
28 29 28 25 24 23 21 24
44 46 44 41 38 35 35
70 71 70 67 64 63 59
49 52 49 46 40
88 89 87 88 87 85
44 47 45 42 43 41 43
3 5 8 7 6 3 3
85 88 91 88 85 81
55 58 55 54 57 54 47
16 18 16 15 15 14 13
75 77 75 75 78
43 46 43 40 38 38 36 36
94 95 94 91 88 88 87 83
68 70 69 67 64 64 58
51 53 49 47 48
43 45 42 40 38 34 32 32
43 44 43 41 39 35 32 28
55 57 53 51 44
43 45 44 37 36 34
88 90 88 85 78 76 79
57 60 57 52 50 50
43 46 40 39 38 37 36 32
95 96 89 88 81
73 73 72 71 69 68 71
43 43 42 41 38 38
23 23 20 17 13
42 42 40 37 35 28
10 10 8 6 9 8
40 40 39 41 42
6 6 4 6 5 5
31 31 30 32 30 26
35 35 34 32 34 33 32 25
27 27 25 24 24 23 21
54 54 52 49 49 48 45 47
56 56 56 55 55
51 51 48 48 47 43
19 19 19 17 11
54 54 52 49 46 42 41
65 65 64 60 61
24 24 23 19 16 13 13
64 64 60 57 53
88 88 87 86 83 79 73
48 48 42 39 37 36 33
76 76 71 70 69 68 69
26 26 24 19 19
21 21 18 16 11 9 5
46 46 45 43 41 40 33 26
60 56 55 52 51 49 51
54 50 49 47 46 46
42 38 35 34 32 29 25
94 90 87 86 83 81 74
58 54 53 50 49 52 50
52 48 46 44 46 49
29 25 23 21 18 17 20 20
23 19 18 21 19 17 13
37 33 32 34 28
82 78 75 75 73 71 68 65
31 27 25 23 22 19 19 22
55 51 48 48 48
38 34 32 29 27 27 26 22
55 51 50 48 48 47 42
81 77 75 71 70
43 39 37 33 31 34
55 51 50 49 48 47 43 43
19 15 11 9 6 2
71 67 66 62 61 58 52
41 37 36 35 30 29 26 23
53 49 43 40 37 39
88 84 82 79 74 72 70 70
97 93 87 85 81
96 92 91 84 83 78
98 91 90 87 85 83 84
31 24 23 21 18 17 17
70 64 63 61 57
61 54 52 49 46 43 37
23 17 15 13 12 11 14 13
49 42 39 41 39 38 40
33 26 29 27 26 26
37 31 32 30 28 25 21
70 63 60 63 60 57 56 50
56 50 48 47 44 41 41 39
39 34 34 33 30 28 27 29
63 56 54 54 54
86 80 80 77 75 74 71 67
24 18 15 14 12 11 11 6
69 64 62 60 56 55
82 76 72 71 69 66 63 65
85 78 74 72 72
78 72 68 67 63
79 74 72 70 68 64 59
52 47 41 40 39 36 34 31
46 41 40 34 31 28 31
26 19 16 14 9 9
72 67 62 60 56
85 78 72 69 68 63
83 80 77 77 74 74
54 50 48 45 41 38 34
60 57 59 62 60
41 38 40 47 50 52 56
74 72 73 71 74 75 77 77
67 65 63 61 60 56 55 48
5 9 10 11 8 10 14
71 70 73 74 71 75
56 56 53 55 56 60
74 77 78 80 81 84 84 83
62 62 59 57 53
79 85 85 88 90 94
32 30 31 33 33 34 35 35
3 7 6 9 10 12 14 14
37 39 36 33 33
51 52 47 46 45 44 44
56 52 50 49 49 47 45 46
52 58 61 62 64 68
49 49 50 52 53 55 58 58
35 32 33 37 38 37
48 45 47 49 48 50 51
8 10 10 11 11
40 37 38 44 50
51 58 60 63 60 67
33 34 37 44 46 48 51 55
66 69 70 73 76 79 77 83
72 72 71 70 63 62 58
64 62 61 60 59 56 58 51
4 1 4 5 6 9 10
76 70 68 64 67
40 44 45 48 52 54
61 68 70 77 79 81 81
14 12 12 14 17 19 20 21
29 33 35 36 40
90 90 88 88 86 85 84 87
19 24 27 30 37 41
64 63 61 57 56 55 52 53
75 75 72 70 64 61 64
66 69 73 74 78
56 57 54 51 51 49 45
56 56 57 63 66
9 13 16 19 21 22 22
65 62 63 68 68
74 72 73 80 82 84 87 89
67 62 60 58 57 59 55
60 63 61 57 52
63 67 70 77 77
71 68 69 68 67 64 61 62
55 59 60 60 62 60
59 59 56 54 53 53 53
25 25 23 25 23 20 23
59 53 52 50 50 49 47
57 57 59 61 63 65 70
16 16 17 18 21 21 22 22
36 30 29 32 33
52 51 49 42 40 40
34 36 39 41 42 40 40
97 90 89 87 84 82 79 79
15 11 9 7 4 4
21 25 27 24 27 30 27
29 30 29 28 27 30 23
18 22 26 27 30 34
35 39 42 44 45 48 52 58
29 30 32 33 35 36 41 42
91 87 84 82 75 74 71 70
93 93 91 93 91 90 90
64 64 61 60 58 53 53
41 44 42 44 43 42 38
56 57 55 51 49 45
67 73 76 78 79 78
79 79 81 83 87 88 88
57 60 57 56 54 49
34 34 35 36 38 36 38 39
64 63 60 54 50
88 89 86 86 89
17 16 19 23 24 27 31
91 87 86 83 80 77 73
23 21 23 24 26 29 34
53 51 48 47 45 43 39 36
13 20 22 26 29 30 33 31
91 90 87 85 81 81
15 16 15 12 11 11 8 8
79 74 71 68 67 66 62
59 59 58 51 45
38 40 45 48 51 51
54 56 54 51 49 49 48 42
32 26 25 20 19 19
36 43 46 48 48 49
9 7 7 9 12 17
17 21 24 27 32 33 35 36
51 46 44 41 39 38 34 34
96 96 93 90 88 85 81 83
21 27 30 32 33 36 41 38
46 48 45 42 41 38 34
87 84 86 84 87 90 96
80 80 81 85 90
33 38 41 40 42 44 45 44
66 60 58 54 53
26 19 16 14 10 4
40 44 47 47 49 52 56
71 76 77 78 79 79
92 92 91 92 95 93
73 70 68 63 61 60 61
32 32 34 39 39
68 71 69 67 66 61 55
57 61 68 69 71 75
73 77 79 82 84 85 87 85
7 9 10 11 14 13 16 14
15 10 12 9 8 1
62 63 61 54 52
31 35 36 38 39 38 39
59 58 60 61 62 67 65
80 76 75 74 73 71 66 68
59 64 67 71 73 80
52 46 43 43 39
67 62 59 55 51
55 59 62 62 65 67 68 68
92 92 89 86 85 84 83 78
37 44 46 46 47 44
21 17 13 11 11
11 15 16 17 20 21 24 31
95 91 89 86 89
50 50 47 44 42 45
20 16 13 13 10 7 5 5
13 20 21 22 28
57 53 51 47 46 45 48
10 10 8 6 4 1 3 2
64 68 71 73 74 80 86
10 16 18 16 19 19
87 90 86 84 84
29 22 20 21 19 16
2 3 5 9 15
67 70 67 66 63 63 62
66 63 67 70 72 74 75 75
98 98 96 95 94 94
41 41 37 34 33 31 31
84 84 85 89 90 91 93 97
17 17 13 12 7
20 13 10 7 7 5 5
94 96 94 93 92 89 91
38 38 41 43 47 49 51
